1.552963107824325562e-01
1.362269818782806396e-01
2.314963042736053467e-01
1.885919868946075439e-01
2.437224090099334717e-01
1.696427166461944580e-01
1.989323794841766357e-01
1.505268067121505737e-01
2.501122057437896729e-01
1.620813608169555664e-01
2.165378481149673462e-01
2.765278518199920654e-01
3.361439406871795654e-01
3.172523975372314453e-01
3.396413624286651611e-01
2.715220749378204346e-01
2.870205640792846680e-01
4.317818284034729004e-01
3.741772770881652832e-01
4.031136035919189453e-01
4.697466492652893066e-01
3.406443595886230469e-01
4.316094517707824707e-01
4.091439247131347656e-01
3.888794183731079102e-01
4.463286399841308594e-01
4.542077481746673584e-01
4.362839758396148682e-01
5.466031432151794434e-01
3.274644613265991211e-01
3.722530603408813477e-01
3.789944052696228027e-01
4.263814091682434082e-01
3.249068856239318848e-01
4.544691443443298340e-01
4.236811399459838867e-01
3.862473666667938232e-01
3.684438169002532959e-01
3.189677000045776367e-01
2.426549047231674194e-01
2.841724455356597900e-01
2.265935838222503662e-01
3.048500716686248779e-01
3.008103668689727783e-01
2.975579500198364258e-01
2.533556520938873291e-01
3.572716712951660156e-01
2.832604348659515381e-01
2.775274813175201416e-01
2.284224331378936768e-01
2.443310022354125977e-01
1.759697347879409790e-01
3.195981681346893311e-01
2.647594809532165527e-01
3.021102845668792725e-01
1.431298255920410156e-01
2.777951061725616455e-01
1.995603144168853760e-01
2.510647475719451904e-01
2.063567638397216797e-01
2.526702284812927246e-01
2.308839857578277588e-01
2.365220189094543457e-01
1.123862043023109436e-01
2.175288051366806030e-01
1.891475766897201538e-01
2.222136110067367554e-01
1.132164597511291504e-01
2.599726617336273193e-01
1.923719644546508789e-01
1.615317463874816895e-01
1.767326891422271729e-01
1.701884865760803223e-01
9.694414585828781128e-02
1.480814218521118164e-01
1.277672648429870605e-01
2.442251890897750854e-01
1.999914050102233887e-01
2.327907830476760864e-01
1.109344884753227234e-01
1.360347867012023926e-01
1.971504390239715576e-01
1.644874215126037598e-01
1.222019419074058533e-01
2.043623924255371094e-01
1.713665425777435303e-01
2.234830409288406372e-01
1.848715543746948242e-01
2.488406151533126831e-01
2.076454311609268188e-01
2.774283289909362793e-01
2.227299809455871582e-01
2.334398478269577026e-01
1.840033233165740967e-01
2.671282589435577393e-01
1.812213212251663208e-01
2.682438194751739502e-01
2.006087750196456909e-01
2.402384579181671143e-01
1.881166845560073853e-01
2.821925282478332520e-01
1.868393868207931519e-01
2.883808314800262451e-01
2.046716064214706421e-01
2.312365323305130005e-01
2.447621971368789673e-01
2.743397951126098633e-01
1.881176978349685669e-01
2.536909282207489014e-01
2.316539138555526733e-01
2.976879477500915527e-01
1.935795098543167114e-01
3.106757998466491699e-01
2.734021544456481934e-01
3.028844892978668213e-01
3.311983644962310791e-01
3.419445753097534180e-01
2.925163507461547852e-01
3.421267569065093994e-01
2.733798027038574219e-01
3.402332365512847900e-01
2.939422130584716797e-01
3.122972548007965088e-01
2.334013283252716064e-01
3.050794005393981934e-01
2.749726772308349609e-01
3.253272175788879395e-01
2.141685187816619873e-01
3.011023700237274170e-01
2.372269481420516968e-01
3.256364762783050537e-01
2.404101788997650146e-01
3.075251281261444092e-01
2.648217678070068359e-01
3.110722005367279053e-01
2.385192811489105225e-01
2.914347946643829346e-01
2.997296750545501709e-01
3.466650843620300293e-01
2.582522928714752197e-01
3.519565463066101074e-01
2.743503451347351074e-01
3.505460619926452637e-01
2.963965833187103271e-01
3.610140085220336914e-01
3.688867390155792236e-01
3.283984661102294922e-01
3.304548859596252441e-01
3.429505228996276855e-01
2.787939310073852539e-01
3.281584382057189941e-01
2.540509402751922607e-01
2.751172780990600586e-01
2.704813480377197266e-01
3.342814445495605469e-01
2.497218102216720581e-01
3.167398571968078613e-01
3.073007464408874512e-01
3.484836518764495850e-01
2.582349777221679688e-01
3.332823216915130615e-01
2.746601998805999756e-01
3.211714625358581543e-01
2.453700304031372070e-01
3.627056181430816650e-01
2.379776984453201294e-01
3.858741819858551025e-01
2.079510241746902466e-01
3.119027912616729736e-01
3.038414120674133301e-01
3.135906755924224854e-01
2.509837746620178223e-01
3.058231472969055176e-01
2.749144136905670166e-01
3.383745551109313965e-01
2.553842663764953613e-01
3.570078313350677490e-01
3.108997344970703125e-01
3.663030862808227539e-01
3.350903093814849854e-01
3.996462821960449219e-01
2.932312190532684326e-01
3.704873621463775635e-01
3.066367506980895996e-01
4.001580178737640381e-01
3.311686813831329346e-01
4.272220730781555176e-01
2.764634788036346436e-01
4.519930779933929443e-01
2.813553214073181152e-01
3.867790102958679199e-01
3.684736788272857666e-01
3.396535813808441162e-01
4.539895951747894287e-01
5.035953521728515625e-01
4.180131554603576660e-01
4.725204408168792725e-01
3.068148493766784668e-01
4.663409888744354248e-01
3.879694044589996338e-01
4.907950162887573242e-01
4.417153596878051758e-01
4.952119588851928711e-01
4.559818208217620850e-01
5.051259994506835938e-01
4.084480106830596924e-01
5.066686272621154785e-01
4.152463972568511963e-01
4.944661557674407959e-01
4.428218901157379150e-01
5.387271642684936523e-01
5.155403614044189453e-01
5.421835184097290039e-01
4.583731889724731445e-01
5.448938608169555664e-01
4.682905375957489014e-01
6.030803918838500977e-01
4.550203382968902588e-01
6.186973452568054199e-01
6.021621227264404297e-01
5.539211034774780273e-01
4.548488557338714600e-01
4.788719415664672852e-01
4.632356464862823486e-01
5.099683403968811035e-01
5.409492850303649902e-01
5.475438833236694336e-01
5.097476840019226074e-01
5.907291173934936523e-01
4.468036293983459473e-01
5.657451748847961426e-01
5.172514915466308594e-01
5.379108190536499023e-01
5.508693456649780273e-01
5.073545575141906738e-01
5.056623220443725586e-01
5.550245046615600586e-01
4.159593582153320312e-01
5.542793869972229004e-01
4.771029353141784668e-01
5.588122606277465820e-01
5.845845937728881836e-01
5.277102589607238770e-01
5.734577178955078125e-01
5.950723886489868164e-01
4.714651405811309814e-01
6.045950651168823242e-01
5.810412764549255371e-01
6.338422298431396484e-01
5.796643495559692383e-01
5.654886960983276367e-01
6.249580383300781250e-01
6.813435554504394531e-01
5.183211565017700195e-01
5.999414324760437012e-01
6.075782775878906250e-01
6.221046447753906250e-01
5.845919847488403320e-01
6.085155606269836426e-01
5.780553817749023438e-01
5.273728966712951660e-01
5.397909283638000488e-01
5.744696855545043945e-01
5.321983098983764648e-01
4.879623651504516602e-01
5.826992392539978027e-01
5.677452087402343750e-01
4.650672078132629395e-01
7.242164611816406250e-01
4.415471553802490234e-01
5.742051601409912109e-01
4.964398443698883057e-01
6.264554262161254883e-01
4.672696590423583984e-01
5.389568805694580078e-01
4.695818126201629639e-01
5.431349277496337891e-01
5.201866626739501953e-01
6.169162988662719727e-01
5.925841331481933594e-01
6.500684022903442383e-01
5.624707937240600586e-01
5.562258362770080566e-01
6.468522548675537109e-01
5.941570997238159180e-01
4.968762397766113281e-01
6.330636143684387207e-01
5.190598964691162109e-01
5.289643406867980957e-01
5.746679306030273438e-01
6.512557268142700195e-01
6.293557882308959961e-01
6.567514538764953613e-01
4.130094945430755615e-01
6.198350787162780762e-01
5.524367690086364746e-01
7.267313599586486816e-01
5.685136318206787109e-01
6.970922350883483887e-01
5.998916625976562500e-01
5.924372673034667969e-01
6.808462142944335938e-01
7.500181198120117188e-01
6.161817908287048340e-01
6.579660773277282715e-01
8.294567465782165527e-01
6.959085464477539062e-01
7.321630716323852539e-01
6.912956237792968750e-01
5.895801782608032227e-01
6.931365728378295898e-01
6.565189361572265625e-01
7.810608148574829102e-01
6.484444737434387207e-01
7.751542329788208008e-01
6.897947788238525391e-01
8.238360881805419922e-01
7.085435390472412109e-01
8.097141981124877930e-01
7.467782497406005859e-01
7.963238358497619629e-01
6.406719684600830078e-01
7.796727418899536133e-01
6.354354619979858398e-01
7.743270397186279297e-01
6.814851760864257812e-01
7.078588008880615234e-01
6.580627560615539551e-01
6.580386161804199219e-01
6.823537349700927734e-01
6.743373274803161621e-01
7.161561250686645508e-01
8.981785178184509277e-01
6.813205480575561523e-01
7.909116148948669434e-01
6.803259849548339844e-01
6.248867511749267578e-01
6.133170127868652344e-01
6.707504391670227051e-01
8.666934967041015625e-01
7.834041714668273926e-01
6.277278065681457520e-01
6.799675226211547852e-01
7.303425073623657227e-01
7.669732570648193359e-01
6.807825565338134766e-01
6.459286212921142578e-01
7.288889884948730469e-01
7.525640726089477539e-01
7.163488864898681641e-01
9.089559912681579590e-01
7.025770545005798340e-01
7.618244886398315430e-01
6.888850927352905273e-01
7.169173359870910645e-01
8.485498428344726562e-01
9.351499080657958984e-01
7.172734737396240234e-01
7.575237154960632324e-01
7.441139817237854004e-01
8.288983106613159180e-01
8.273555040359497070e-01
7.365440130233764648e-01
7.329114675521850586e-01
7.438969016075134277e-01
6.528966426849365234e-01
7.085514068603515625e-01
6.175804734230041504e-01
7.395801544189453125e-01
5.945998430252075195e-01
7.399709820747375488e-01
7.958526611328125000e-01
8.590073585510253906e-01
6.096422672271728516e-01
7.460929155349731445e-01
7.666264772415161133e-01
7.439442276954650879e-01
7.621836066246032715e-01
6.766255497932434082e-01
7.204065322875976562e-01
7.313070893287658691e-01
6.345264911651611328e-01
6.606383323669433594e-01
6.330348849296569824e-01
7.542788386344909668e-01
6.666635274887084961e-01
7.311961054801940918e-01
7.602274417877197266e-01
8.076719045639038086e-01
7.333453297615051270e-01
7.327485084533691406e-01
6.740263700485229492e-01
8.071638345718383789e-01
8.326914310455322266e-01
6.945476531982421875e-01
7.539802193641662598e-01
6.797264814376831055e-01
5.106899738311767578e-01
6.127360463142395020e-01
5.803017616271972656e-01
8.626334071159362793e-01
7.096292972564697266e-01
7.740130424499511719e-01
6.714760661125183105e-01
9.517048001289367676e-01
7.499583959579467773e-01
7.009569406509399414e-01
7.342138290405273438e-01
7.891926765441894531e-01
7.659327387809753418e-01
8.112561106681823730e-01
6.111569404602050781e-01
7.214456796646118164e-01
6.197046041488647461e-01
7.350248098373413086e-01
6.269123554229736328e-01
7.192144989967346191e-01
7.604668140411376953e-01
7.745506167411804199e-01
6.466122865676879883e-01
7.873729467391967773e-01
6.094903945922851562e-01
6.608393192291259766e-01
7.696586251258850098e-01
8.367943167686462402e-01
7.606990337371826172e-01
7.800761461257934570e-01
6.945072412490844727e-01
7.124776840209960938e-01
5.434962511062622070e-01
6.908959150314331055e-01
8.327205181121826172e-01
7.609450221061706543e-01
6.022644042968750000e-01
6.189370155334472656e-01
7.862140536308288574e-01
7.869517803192138672e-01
6.186285018920898438e-01
6.751377582550048828e-01
6.012566685676574707e-01
6.796287298202514648e-01
5.429512858390808105e-01
6.986023187637329102e-01
7.287186384201049805e-01
7.797060608863830566e-01
5.975054502487182617e-01
7.374926805496215820e-01
8.260840773582458496e-01
8.709131479263305664e-01
6.006401181221008301e-01
6.361430883407592773e-01
6.207603812217712402e-01
8.925147652626037598e-01
5.376852750778198242e-01
6.013594865798950195e-01
5.608427524566650391e-01
5.207663178443908691e-01
7.663662433624267578e-01
5.931788682937622070e-01
6.037381887435913086e-01
7.208036780357360840e-01
5.577214956283569336e-01
6.036610007286071777e-01
6.383231878280639648e-01
5.563532710075378418e-01
5.415543317794799805e-01
5.940378904342651367e-01
5.780054330825805664e-01
5.888814926147460938e-01
5.314325690269470215e-01
7.275807857513427734e-01
4.877887070178985596e-01
6.030912399291992188e-01
6.387298703193664551e-01
8.290550708770751953e-01
5.287686586380004883e-01
6.603961586952209473e-01
6.281843185424804688e-01
5.631321072578430176e-01
4.835111200809478760e-01
6.775803565979003906e-01
6.711984276771545410e-01
6.210850477218627930e-01
6.300392150878906250e-01
5.969841480255126953e-01
5.795919895172119141e-01
7.428067922592163086e-01
6.508301496505737305e-01
7.110580205917358398e-01
7.025650739669799805e-01
6.758919954299926758e-01
7.212375402450561523e-01
7.132089138031005859e-01
6.038594841957092285e-01
6.361429691314697266e-01
5.743397474288940430e-01
7.428852319717407227e-01
5.330776572227478027e-01
6.790659427642822266e-01
5.312864184379577637e-01
6.003509759902954102e-01
5.347497463226318359e-01
5.549315810203552246e-01
6.863631010055541992e-01
6.810685396194458008e-01
6.154658198356628418e-01
6.375659108161926270e-01
6.635398268699645996e-01
6.836688518524169922e-01
4.901826679706573486e-01
6.644365787506103516e-01
5.423977375030517578e-01
6.637049913406372070e-01
6.214065551757812500e-01
7.814530730247497559e-01
5.152869820594787598e-01
6.657034158706665039e-01
6.432840824127197266e-01
5.899945497512817383e-01
5.606900453567504883e-01
6.525127291679382324e-01
6.508116722106933594e-01
5.687063932418823242e-01
7.894185185432434082e-01
6.399812698364257812e-01
5.534780025482177734e-01
6.061884760856628418e-01
5.933327674865722656e-01
6.485144495964050293e-01
5.878098011016845703e-01
5.398082733154296875e-01
7.226898074150085449e-01
6.605309844017028809e-01
5.064700841903686523e-01
6.059494018554687500e-01
6.398738026618957520e-01
6.880580186843872070e-01
6.632525920867919922e-01
6.062059402465820312e-01
6.659272909164428711e-01
6.706575155258178711e-01
6.244274973869323730e-01
8.628946542739868164e-01
4.621494412422180176e-01
5.999922752380371094e-01
3.316719233989715576e-01
5.588022470474243164e-01
6.970574855804443359e-01
6.067430973052978516e-01
5.956963300704956055e-01
6.207816600799560547e-01
6.662559509277343750e-01
6.450833082199096680e-01
6.303014755249023438e-01
7.263870835304260254e-01
6.536570191383361816e-01
7.218573689460754395e-01
4.608293175697326660e-01
7.734597325325012207e-01
5.669879913330078125e-01
6.118272542953491211e-01
5.555770397186279297e-01
5.890895724296569824e-01
7.012373208999633789e-01
7.040590047836303711e-01
6.269552707672119141e-01
5.819902420043945312e-01
6.806731224060058594e-01
6.175792813301086426e-01
6.284264922142028809e-01
6.780976057052612305e-01
5.424078702926635742e-01
6.333120465278625488e-01
6.108025312423706055e-01
5.165965557098388672e-01
6.706483364105224609e-01
6.169443130493164062e-01
5.964008569717407227e-01
6.045346856117248535e-01
5.461957454681396484e-01
6.246314048767089844e-01
5.240774750709533691e-01
5.336630940437316895e-01
6.147378683090209961e-01
6.244477629661560059e-01
7.518554925918579102e-01
5.559787750244140625e-01
5.210237503051757812e-01
5.207087993621826172e-01
5.310274362564086914e-01
5.499118566513061523e-01
5.907768011093139648e-01
6.225425601005554199e-01
5.981770753860473633e-01
6.532899141311645508e-01
4.662177860736846924e-01
5.535542964935302734e-01
5.619586706161499023e-01
5.028327107429504395e-01
5.552974343299865723e-01
5.617702007293701172e-01
5.328810214996337891e-01
5.004029870033264160e-01
6.059142947196960449e-01
6.262853145599365234e-01
5.745973587036132812e-01
6.001224517822265625e-01
4.757171571254730225e-01
5.452344417572021484e-01
3.484207391738891602e-01
4.545005857944488525e-01
4.687873423099517822e-01
6.030619144439697266e-01
3.212148845195770264e-01
4.071131646633148193e-01
5.135840773582458496e-01
5.218698978424072266e-01
5.467761754989624023e-01
4.967951774597167969e-01
4.198074936866760254e-01
5.057210326194763184e-01
5.107793807983398438e-01
5.213131904602050781e-01
4.560496807098388672e-01
4.716325402259826660e-01
4.547382593154907227e-01
4.898651838302612305e-01
2.432986795902252197e-01
4.256397783756256104e-01
4.124538302421569824e-01
4.994875788688659668e-01
3.222737610340118408e-01
4.377813339233398438e-01
7.102791070938110352e-01
4.839376509189605713e-01
4.282056689262390137e-01
5.186679363250732422e-01
4.173145592212677002e-01
6.196215152740478516e-01
4.711177647113800049e-01
3.631982505321502686e-01
3.817837238311767578e-01
5.123333930969238281e-01
4.244795441627502441e-01
4.284199476242065430e-01
6.987851858139038086e-01
5.118137598037719727e-01
4.527520537376403809e-01
5.462440848350524902e-01
5.237333774566650391e-01
5.878640413284301758e-01
3.294247090816497803e-01
5.399210453033447266e-01
3.641412854194641113e-01
5.296909213066101074e-01
6.100678443908691406e-01
4.565545916557312012e-01
4.726200103759765625e-01
5.810396075248718262e-01
3.086326718330383301e-01
6.330463290214538574e-01
3.302626013755798340e-01
3.344527184963226318e-01
2.845607399940490723e-01
3.438881337642669678e-01
4.039483964443206787e-01
4.067296981811523438e-01
2.508203983306884766e-01
2.973324656486511230e-01
3.123352229595184326e-01
3.337273895740509033e-01
3.106265068054199219e-01
4.216758310794830322e-01
4.262126982212066650e-01
5.236853361129760742e-01
3.914473652839660645e-01
3.207221925258636475e-01
2.312016785144805908e-01
3.348518610000610352e-01
2.385761588811874390e-01
3.969134390354156494e-01
4.289945363998413086e-01
2.978565692901611328e-01
4.200803339481353760e-01
4.277896881103515625e-01
2.984822690486907959e-01
3.689183294773101807e-01
2.612346410751342773e-01
3.157635629177093506e-01
3.877093493938446045e-01
4.533191919326782227e-01
3.685492575168609619e-01
3.889624476432800293e-01
2.818128168582916260e-01
4.510861635208129883e-01
3.399249613285064697e-01
3.312811553478240967e-01
3.235970139503479004e-01
3.661364316940307617e-01
3.283756375312805176e-01
4.162144362926483154e-01
3.005075752735137939e-01
4.966291487216949463e-01
2.783179283142089844e-01
2.725349366664886475e-01
3.564500212669372559e-01
3.560447096824645996e-01
2.246188670396804810e-01
3.952096104621887207e-01
2.624517977237701416e-01
3.705914616584777832e-01
3.645009398460388184e-01
3.220469951629638672e-01
2.973643541336059570e-01
3.249828219413757324e-01
3.341721594333648682e-01
3.485310673713684082e-01
3.050917685031890869e-01
4.582828879356384277e-01
4.260458946228027344e-01
5.101281404495239258e-01
3.212706744670867920e-01
3.165183365345001221e-01
2.481136173009872437e-01
4.016908407211303711e-01
3.864088058471679688e-01
5.104140043258666992e-01
3.070895373821258545e-01
3.188937008380889893e-01
3.523251414299011230e-01
3.730273544788360596e-01
3.839902281761169434e-01
3.678769171237945557e-01
3.258561193943023682e-01
3.586722016334533691e-01
3.989230692386627197e-01
3.982540071010589600e-01
3.915990293025970459e-01
6.336884498596191406e-01
3.392280042171478271e-01
4.354451298713684082e-01
2.844181060791015625e-01
3.668813705444335938e-01
4.377885758876800537e-01
3.723466396331787109e-01
2.914758622646331787e-01
3.290383219718933105e-01
2.291673570871353149e-01
3.479379713535308838e-01
2.236594706773757935e-01
2.855976521968841553e-01
3.523633480072021484e-01
4.147334992885589600e-01
3.216955661773681641e-01
4.844668507575988770e-01
3.694788515567779541e-01
5.664736628532409668e-01
4.007714986801147461e-01
4.063361585140228271e-01
4.239380061626434326e-01
4.661019444465637207e-01
5.865854024887084961e-01
4.406399428844451904e-01
2.865635752677917480e-01
4.900299608707427979e-01
5.176111459732055664e-01
4.475682973861694336e-01
2.666273415088653564e-01
5.388859510421752930e-01
5.499663352966308594e-01
3.728725314140319824e-01
4.680390357971191406e-01
4.678389430046081543e-01
3.648843765258789062e-01
2.950035035610198975e-01
2.492816895246505737e-01
4.006752967834472656e-01
3.602025508880615234e-01
3.218502104282379150e-01
3.365693688392639160e-01
4.095018506050109863e-01
3.718137443065643311e-01
3.216354548931121826e-01
2.745037376880645752e-01
4.225668907165527344e-01
3.303982913494110107e-01
3.262370824813842773e-01
1.863602697849273682e-01
3.698146343231201172e-01
3.692753911018371582e-01
4.169530272483825684e-01
3.298622369766235352e-01
4.887498915195465088e-01
3.520042896270751953e-01
3.951332569122314453e-01
2.777217328548431396e-01
3.791848123073577881e-01
2.551542520523071289e-01
3.026374280452728271e-01
3.541961908340454102e-01
3.839542865753173828e-01
2.645969390869140625e-01
4.072219431400299072e-01
3.462697267532348633e-01
3.484673202037811279e-01
4.085180461406707764e-01
5.368072390556335449e-01
3.189171552658081055e-01
4.393624067306518555e-01
4.772052466869354248e-01
3.852190077304840088e-01
1.987774223089218140e-01
3.056065142154693604e-01
3.807809352874755859e-01
4.102830588817596436e-01
2.157971560955047607e-01
3.505845963954925537e-01
3.825241029262542725e-01
4.477111399173736572e-01
4.114409983158111572e-01
3.313840925693511963e-01
4.050590097904205322e-01
4.963261485099792480e-01
4.307972490787506104e-01
5.408543348312377930e-01
4.415625333786010742e-01
3.738013803958892822e-01
3.128387033939361572e-01
5.229216217994689941e-01
3.434761166572570801e-01
3.755616545677185059e-01
3.750279247760772705e-01
5.429866313934326172e-01
3.312124013900756836e-01
3.687414228916168213e-01
4.187065362930297852e-01
4.471542835235595703e-01
3.681475520133972168e-01
4.289870560169219971e-01
2.604688405990600586e-01
4.303997159004211426e-01
2.773139178752899170e-01
3.065977096557617188e-01
4.498364031314849854e-01
2.941860258579254150e-01
3.181588649749755859e-01
3.575454056262969971e-01
3.018380999565124512e-01
3.279086947441101074e-01
2.488178610801696777e-01
2.259747534990310669e-01
2.391137033700942993e-01
3.551075458526611328e-01
3.169616162776947021e-01
3.407033681869506836e-01
3.265576362609863281e-01
2.798537313938140869e-01
2.987776696681976318e-01
2.397507131099700928e-01
3.130603432655334473e-01
2.734393179416656494e-01
1.999302059412002563e-01
3.273176252841949463e-01
1.921363174915313721e-01
3.715229928493499756e-01
1.529853045940399170e-01
2.561221718788146973e-01
4.180260896682739258e-01
2.711437940597534180e-01
2.711059749126434326e-01
3.171908855438232422e-01
3.300647735595703125e-01
2.669768035411834717e-01
2.545104026794433594e-01
3.200634717941284180e-01
5.165525078773498535e-01
3.028669059276580811e-01
2.776502966880798340e-01
3.050695657730102539e-01
2.021350115537643433e-01
2.254801988601684570e-01
2.673854231834411621e-01
2.461792379617691040e-01
1.810715347528457642e-01
2.939352393150329590e-01
3.446186482906341553e-01
2.746690213680267334e-01
8.466891944408416748e-02
1.711403876543045044e-01
1.125084534287452698e-01
3.906089067459106445e-02
2.781989872455596924e-01
3.363132178783416748e-01
1.978038400411605835e-01
3.084391355514526367e-01
2.242923378944396973e-01
2.291411012411117554e-01
2.061621993780136108e-01
1.897830516099929810e-01
2.914035618305206299e-01
1.697495579719543457e-01
1.226028278470039368e-01
2.566666603088378906e-01
2.721814811229705811e-01
2.762542068958282471e-01
2.276016324758529663e-01
2.671108245849609375e-01
1.565521657466888428e-01
1.765882074832916260e-01
1.982614547014236450e-01
2.049780935049057007e-01
1.204369440674781799e-01
1.881763339042663574e-01
1.409870386123657227e-01
1.843485087156295776e-01
1.810316294431686401e-01
2.051519602537155151e-01
2.169223129749298096e-01
1.995153576135635376e-01
3.289739787578582764e-01
1.981494426727294922e-01
1.143407449126243591e-01
2.372360378503799438e-01
-4.844027385115623474e-02
1.345115751028060913e-01
7.440491020679473877e-02
1.851376742124557495e-01
1.778503954410552979e-01
3.086699545383453369e-01
6.023628637194633484e-02
2.231576144695281982e-01
4.482039064168930054e-02
1.400829106569290161e-01
1.394769847393035889e-01
1.995416581630706787e-01
-1.456263661384582520e-01
2.362357228994369507e-01
1.573459357023239136e-01
2.670187652111053467e-01
-1.003756769932806492e-03
1.201419085264205933e-01
6.678684800863265991e-02
3.422549068927764893e-01
1.202596127986907959e-01
1.212315559387207031e-01
5.073897913098335266e-02
3.625613078474998474e-02
1.469446718692779541e-01
1.660235971212387085e-01
1.568097472190856934e-01
2.222707718610763550e-01
-3.643748536705970764e-02
2.506662607192993164e-01
2.039195969700813293e-02
9.222986549139022827e-02
-3.911863639950752258e-02
2.166277617216110229e-01
5.081938579678535461e-02
8.639567531645298004e-03
6.519231200218200684e-02
7.551115751266479492e-02
5.007598921656608582e-02
1.366916596889495850e-01
-3.387553617358207703e-02
1.724641472101211548e-01
8.669729530811309814e-02
6.186319515109062195e-02
8.321633189916610718e-02
2.003193050622940063e-01
7.929617539048194885e-03
-5.880772694945335388e-02
-1.706142723560333252e-02
1.823945194482803345e-01
7.096669077873229980e-02
1.188101023435592651e-01
1.602827161550521851e-01
1.291511356830596924e-01
1.940214335918426514e-01
1.322330385446548462e-01
1.830831021070480347e-01
5.283258482813835144e-02
1.226727664470672607e-01
2.061698734760284424e-01
-1.485419720411300659e-01
1.837826371192932129e-01
-4.821509122848510742e-03
1.847896724939346313e-01
-3.497276222333312035e-03
1.455086916685104370e-01
-3.305158764123916626e-02
6.849526613950729370e-02
1.308359354734420776e-01
1.861863285303115845e-01
6.656583398580551147e-02
1.359680593013763428e-01
-1.245001405477523804e-01
5.821533873677253723e-02
2.010309398174285889e-01
1.071798726916313171e-01
1.737011712975800037e-03
2.534199059009552002e-01
3.078278340399265289e-02
2.704256214201450348e-03
2.589698731899261475e-01
3.502007424831390381e-01
7.440406084060668945e-02
7.389341294765472412e-02
6.372372806072235107e-02
1.428159177303314209e-01
2.217833399772644043e-01
9.875977039337158203e-02
2.611696124076843262e-01
2.337923496961593628e-01
1.344426125288009644e-01
2.679467201232910156e-01
2.434116601943969727e-01
9.079444408416748047e-02
-1.543541401624679565e-01
-1.687771640717983246e-02
-2.790299244225025177e-02
1.517313271760940552e-01
2.488962262868881226e-01
2.159669697284698486e-01
1.616925001144409180e-01
2.557846903800964355e-01
9.605246782302856445e-02
1.133630424737930298e-01
-3.285392420366406441e-03
1.246031820774078369e-01
2.322787977755069733e-02
5.081329494714736938e-02
3.245916217565536499e-02
1.649884432554244995e-01
-1.327241887338459492e-03
5.208262056112289429e-02
7.689866237342357635e-03
2.803991176187992096e-02
5.832631513476371765e-02
1.490281820297241211e-01
1.637925505638122559e-01
2.187357097864151001e-01
-2.354793064296245575e-02
2.055017799139022827e-01
4.254343733191490173e-02
2.352382289245724678e-03
-8.689163625240325928e-02
-7.880383171141147614e-03
-6.354466080665588379e-02
3.155886009335517883e-02
